       0.0000   0.16159191727638E+00  0.15999996466620E-10  0.16159191727638E+00  0.10880404710770E+00  0.52787907421589E-01  0.10666667202286E-10  0.53333318664195E-11
       0.0100   0.16092440485954E+00  0.55267225252464E-03  0.16147707402706E+00  0.10831068456173E+00  0.52613712847233E-01  0.44079791405238E-03  0.11187445488758E-03
       0.0200   0.15958568453789E+00  0.21987592335790E-02  0.16178444027901E+00  0.10723214596510E+00  0.52353546023369E-01  0.17513204365969E-02  0.44743873877451E-03
       0.0300   0.15759363770485E+00  0.49076136201620E-02  0.16250124573708E+00  0.10558708012104E+00  0.52006620913744E-01  0.38999118842185E-02  0.10077017359436E-02
       0.0400   0.15498235821724E+00  0.86312405765057E-02  0.16361360251904E+00  0.10340893268585E+00  0.51573507487774E-01  0.68365065380931E-02  0.17947318265215E-02
       0.0500   0.15180230140686E+00  0.13303892686963E-01  0.16510619223118E+00  0.10074569284916E+00  0.51056656986475E-01  0.10492946952581E-01  0.28109466657043E-02
       0.0600   0.14812165498734E+00  0.18841788172722E-01  0.16696344316006E+00  0.97660616040230E-01  0.50461143255234E-01  0.14783628284931E-01  0.40581598877907E-02
       0.0700   0.14402705430984E+00  0.25142971426249E-01  0.16917002201080E+00  0.94231903553009E-01  0.49795307219028E-01  0.19606526941061E-01  0.55364524014294E-02
       0.0800   0.13962337374687E+00  0.32087486237288E-01  0.17171086370945E+00  0.90552248060703E-01  0.49071274697781E-01  0.24844586849213E-01  0.72429142892361E-02
       0.0900   0.13503336906433E+00  0.39538085460663E-01  0.17457145452499E+00  0.86727976799011E-01  0.48305701464415E-01  0.30367733910680E-01  0.91703720390797E-02
       0.1000   0.13039670884609E+00  0.47341205179691E-01  0.17773792147636E+00  0.82877159118652E-01  0.47519929707050E-01  0.36035064607859E-01  0.11306192725897E-01
       0.1100   0.12586705386639E+00  0.55329315364361E-01  0.18119636178017E+00  0.79127512872219E-01  0.46740055084229E-01  0.41698127985001E-01  0.13631282374263E-01
       0.1200   0.12160909920931E+00  0.63323445618153E-01  0.18493254482746E+00  0.75612753629684E-01  0.45996874570847E-01  0.47204036265612E-01  0.16119511798024E-01
       0.1300   0.11779414117336E+00  0.71137122809887E-01  0.18893125653267E+00  0.72469316422939E-01  0.45325301587582E-01  0.52399836480618E-01  0.18737360835075E-01
       0.1400   0.11459454149008E+00  0.78581348061562E-01  0.19317588210106E+00  0.69831401109695E-01  0.44763684272766E-01  0.57137154042721E-01  0.21444316953421E-01
       0.1500   0.11217829585075E+00  0.85470199584961E-01  0.19764849543571E+00  0.67826300859451E-01  0.44352676719427E-01  0.61276741325855E-01  0.24193700402975E-01
       0.1600   0.11070218682289E+00  0.91627836227417E-01  0.20233002305031E+00  0.66568598151207E-01  0.44134169816971E-01  0.64693957567215E-01  0.26934018358588E-01
       0.1700   0.11030434072018E+00  0.96895292401314E-01  0.20719963312149E+00  0.66155299544334E-01  0.44149879366159E-01  0.67284755408764E-01  0.29610864818096E-01
       0.1800   0.11109879612923E+00  0.10113801062107E+00  0.21223680675030E+00  0.66660314798355E-01  0.44439576566219E-01  0.68969309329987E-01  0.32168999314308E-01
       0.1900   0.11316804587841E+00  0.10425271093845E+00  0.21742075681686E+00  0.68129755556583E-01  0.45039568096399E-01  0.69698065519333E-01  0.34554939717054E-01
       0.2000   0.11655776202679E+00  0.10617373883724E+00  0.22273150086403E+00  0.70578232407570E-01  0.45981060713530E-01  0.69454729557037E-01  0.36719180643559E-01
       0.2100   0.12127347290516E+00  0.10687778890133E+00  0.22815126180649E+00  0.73986515402794E-01  0.47288514673710E-01  0.68259261548519E-01  0.38618676364422E-01
       0.2200   0.12727607786655E+00  0.10638730973005E+00  0.23366338014603E+00  0.78299909830093E-01  0.48978380858898E-01  0.66168718039989E-01  0.40218714624643E-01
       0.2300   0.13448598980904E+00  0.10477139800787E+00  0.23925739526749E+00  0.83430349826813E-01  0.51057871431112E-01  0.63276864588261E-01  0.41494607925415E-01
       0.2400   0.14277756214142E+00  0.10214478522539E+00  0.24492233991623E+00  0.89256383478642E-01  0.53524103015661E-01  0.59711828827858E-01  0.42433142662048E-01
       0.2500   0.15199021995068E+00  0.98663747310638E-01  0.25065398216248E+00  0.95629662275314E-01  0.56363433599472E-01  0.55630818009377E-01  0.43033126741648E-01
       0.2600   0.16192734241486E+00  0.94521589577198E-01  0.25644892454147E+00  0.10237821191549E+00  0.59551514685154E-01  0.51215693354607E-01  0.43306030333042E-01
       0.2700   0.17236496508121E+00  0.89940771460533E-01  0.26230573654175E+00  0.10931345820427E+00  0.63053816556931E-01  0.46664997935295E-01  0.43275721371174E-01
       0.2800   0.18306046724319E+00  0.85163176059723E-01  0.26822364330292E+00  0.11623797565699E+00  0.66825300455093E-01  0.42185109108686E-01  0.42977899312973E-01
       0.2900   0.19376198947430E+00  0.80441117286682E-01  0.27420312166214E+00  0.12295148521662E+00  0.70812806487083E-01  0.37981495261192E-01  0.42459316551685E-01
       0.3000   0.20421642065048E+00  0.76026201248169E-01  0.28024262189865E+00  0.12926270067692E+00  0.74955552816391E-01  0.34249544143677E-01  0.41776299476624E-01
       0.3100   0.21417650580406E+00  0.72159282863140E-01  0.28633579611778E+00  0.13499224185944E+00  0.79186409711838E-01  0.31165702268481E-01  0.40993213653564E-01
       0.3200   0.22341412305832E+00  0.69060415029526E-01  0.29247453808784E+00  0.13998152315617E+00  0.83434745669365E-01  0.28879713267088E-01  0.40180232375860E-01
       0.3300   0.23172360658646E+00  0.66919758915901E-01  0.29864335060120E+00  0.14409792423248E+00  0.87627626955509E-01  0.27508195489645E-01  0.39411164820194E-01
       0.3400   0.23893067240715E+00  0.65891146659851E-01  0.30482181906700E+00  0.14724045991898E+00  0.91692209243774E-01  0.27129657566547E-01  0.38761101663113E-01
       0.3500   0.24489924311638E+00  0.66086202859879E-01  0.31098544597626E+00  0.14934264123440E+00  0.95557913184166E-01  0.27781937271357E-01  0.38303859531879E-01
       0.3600   0.24953198432922E+00  0.67571222782135E-01  0.31710320711136E+00  0.15037411451340E+00  0.99158793687820E-01  0.29461212456226E-01  0.38109615445137E-01
       0.3700   0.25277817249298E+00  0.70366412401199E-01  0.32314458489418E+00  0.15034244954586E+00  0.10243660211563E+00  0.32123632729053E-01  0.38242384791374E-01
       0.3800   0.25463253259659E+00  0.74446335434914E-01  0.32907885313034E+00  0.14929108321667E+00  0.10534216463566E+00  0.35688035190105E-01  0.38757838308811E-01
       0.3900   0.25513666868210E+00  0.79742625355721E-01  0.33487927913666E+00  0.14729818701744E+00  0.10783901810646E+00  0.40040977299213E-01  0.39701230823994E-01
       0.4000   0.25437906384468E+00  0.86148232221603E-01  0.34052729606628E+00  0.14447534084320E+00  0.10990503430367E+00  0.45042335987091E-01  0.41105307638645E-01
       0.4100   0.25248870253563E+00  0.93520969152451E-01  0.34600967168808E+00  0.14095500111580E+00  0.11153469234705E+00  0.50531614571810E-01  0.42988691478968E-01
       0.4200   0.24963608384132E+00  0.10168954730034E+00  0.35132563114166E+00  0.13689649105072E+00  0.11273938417435E+00  0.56334435939789E-01  0.45354425907135E-01
       0.4300   0.24602156877518E+00  0.11045916378498E+00  0.35648071765900E+00  0.13247306644917E+00  0.11354748904705E+00  0.62269285321236E-01  0.48189084976912E-01
       0.4400   0.24187195301056E+00  0.11961749196053E+00  0.36148944497108E+00  0.12786664068699E+00  0.11400391161442E+00  0.68153724074364E-01  0.51462911069393E-01
       0.4500   0.23742932081223E+00  0.12894153594971E+00  0.36637085676193E+00  0.12325964868069E+00  0.11416740715504E+00  0.73810815811157E-01  0.55129934102297E-01
       0.4600   0.23294055461884E+00  0.13820531964302E+00  0.37114587426186E+00  0.11882914602757E+00  0.11410740017891E+00  0.79074770212173E-01  0.59129714965820E-01
       0.4700   0.22864376008511E+00  0.14718636870384E+00  0.37583011388779E+00  0.11473838239908E+00  0.11390118300915E+00  0.83796180784702E-01  0.63389308750629E-01
       0.4800   0.22476686537266E+00  0.15567432343960E+00  0.38044118881226E+00  0.11113248765469E+00  0.11362990736961E+00  0.87847352027893E-01  0.67826047539711E-01
       0.4900   0.22151048481464E+00  0.16347801685333E+00  0.38498848676682E+00  0.10813189297915E+00  0.11337413638830E+00  0.91126233339310E-01  0.72350710630417E-01
       0.5000   0.21904408931732E+00  0.17043304443359E+00  0.38947713375092E+00  0.10582865029573E+00  0.11321110278368E+00  0.93560293316841E-01  0.76871618628502E-01
       0.5100   0.21749891340733E+00  0.17640772461891E+00  0.39390665292740E+00  0.10428358614445E+00  0.11321107298136E+00  0.95109209418297E-01  0.81297367811203E-01
       0.5200   0.21696433424950E+00  0.18130721151829E+00  0.39827156066895E+00  0.10352526605129E+00  0.11343477666378E+00  0.95765314996243E-01  0.85540637373924E-01
       0.5300   0.21748571097851E+00  0.18507575988770E+00  0.40256148576736E+00  0.10354974865913E+00  0.11393171548843E+00  0.95553413033485E-01  0.89521162211895E-01
       0.5400   0.21906515955925E+00  0.18769785761833E+00  0.40676301717758E+00  0.10432250797749E+00  0.11473839730024E+00  0.94528675079346E-01  0.93168020248413E-01
       0.5500   0.22166284918785E+00  0.18919725716114E+00  0.41086012125015E+00  0.10578121244907E+00  0.11587725579739E+00  0.92773720622063E-01  0.96422284841537E-01
       0.5600   0.22520063817501E+00  0.18963451683521E+00  0.41483515501022E+00  0.10783973336220E+00  0.11735641956329E+00  0.90394496917725E-01  0.99238626658916E-01
       0.5700   0.22956711053848E+00  0.18910306692123E+00  0.41867017745972E+00  0.11039204895496E+00  0.11917058378458E+00  0.87515220046043E-01  0.10158638656139E+00
       0.5800   0.23462393879890E+00  0.18772390484810E+00  0.42234784364700E+00  0.11331839859486E+00  0.12130101025105E+00  0.84273040294647E-01  0.10344938933849E+00
       0.5900   0.24021285772324E+00  0.18563860654831E+00  0.42585146427155E+00  0.11649069190025E+00  0.12371736764908E+00  0.80811761319637E-01  0.10482531785965E+00
       0.6000   0.24616274237633E+00  0.18300208449364E+00  0.42916482686996E+00  0.11977838724852E+00  0.12637905776501E+00  0.77275753021240E-01  0.10572494566441E+00
       0.6100   0.25229680538177E+00  0.17997416853905E+00  0.43227097392082E+00  0.12305446714163E+00  0.12923723459244E+00  0.73802419006824E-01  0.10617034137249E+00
       0.6200   0.25844109058380E+00  0.17671239376068E+00  0.43515348434448E+00  0.12619982659817E+00  0.13223600387573E+00  0.70517003536224E-01  0.10619392246008E+00
       0.6300   0.26442754268646E+00  0.17336507141590E+00  0.43779259920120E+00  0.12910741567612E+00  0.13531523942947E+00  0.67527420818806E-01  0.10583627223969E+00
       0.6400   0.27010276913643E+00  0.17006653547287E+00  0.44016930460930E+00  0.13168504834175E+00  0.13841274380684E+00  0.64920440316200E-01  0.10514470934868E+00
       0.6500   0.27533119916916E+00  0.16693279147148E+00  0.44226399064064E+00  0.13385966420174E+00  0.14146634936333E+00  0.62759332358837E-01  0.10417218506336E+00
       0.6600   0.27999842166901E+00  0.16405995190144E+00  0.44405835866928E+00  0.13557675480843E+00  0.14441612362862E+00  0.61082892119884E-01  0.10297587513924E+00
       0.6700   0.28401446342468E+00  0.16152316331863E+00  0.44553762674332E+00  0.13680174946785E+00  0.14720684289932E+00  0.59905856847763E-01  0.10161614418030E+00
       0.6800   0.28731501102448E+00  0.15937650203705E+00  0.44669151306152E+00  0.13751935958862E+00  0.14978942275047E+00  0.59220239520073E-01  0.10015514492989E+00
       0.6900   0.28986212611198E+00  0.15765474736691E+00  0.44751685857773E+00  0.13773316144943E+00  0.15212246775627E+00  0.58998301625252E-01  0.98655313253403E-01
       0.7000   0.29164314270020E+00  0.15637430548668E+00  0.44801744818687E+00  0.13746291399002E+00  0.15417364239693E+00  0.59195950627327E-01  0.97177214920521E-01
       0.7100   0.29266917705536E+00  0.15553483366966E+00  0.44820401072502E+00  0.13674274086952E+00  0.15591959655285E+00  0.59756398200989E-01  0.95777302980423E-01
       0.7200   0.29297327995300E+00  0.15512007474899E+00  0.44809335470200E+00  0.13561896979809E+00  0.15734708309174E+00  0.60613892972469E-01  0.94505161046982E-01
       0.7300   0.29260629415512E+00  0.15510010719299E+00  0.44770640134811E+00  0.13414692878723E+00  0.15845222771168E+00  0.61697304248810E-01  0.93401603400707E-01
       0.7400   0.29163604974747E+00  0.15543229877949E+00  0.44706833362579E+00  0.13238885998726E+00  0.15924000740051E+00  0.62933661043644E-01  0.92497527599335E-01
       0.7500   0.29014292359352E+00  0.15606483817101E+00  0.44620776176453E+00  0.13041053712368E+00  0.15972512960434E+00  0.64250797033310E-01  0.91812923550606E-01
       0.7600   0.28821665048599E+00  0.15693861246109E+00  0.44515526294708E+00  0.12827903032303E+00  0.15993005037308E+00  0.65579935908318E-01  0.91357499361038E-01
       0.7700   0.28595298528671E+00  0.15798926353455E+00  0.44394224882126E+00  0.12606059014797E+00  0.15988475084305E+00  0.66857717931271E-01  0.91130435466766E-01
       0.7800   0.28345006704330E+00  0.15915003418922E+00  0.44260010123253E+00  0.12381754070520E+00  0.15962491929531E+00  0.68027697503567E-01  0.91121181845665E-01
       0.7900   0.28080478310585E+00  0.16035339236259E+00  0.44115817546844E+00  0.12160659581423E+00  0.15919050574303E+00  0.69041401147842E-01  0.91310873627663E-01
       0.8000   0.27810949087143E+00  0.16153372824192E+00  0.43964320421219E+00  0.11947767436504E+00  0.15862390398979E+00  0.69859072566032E-01  0.91673508286476E-01
       0.8100   0.27544826269150E+00  0.16262936592102E+00  0.43807762861252E+00  0.11747297644615E+00  0.15796771645546E+00  0.70450469851494E-01  0.92177793383598E-01
       0.8200   0.27289670705795E+00  0.16358458995819E+00  0.43648129701614E+00  0.11562654376030E+00  0.15726272761822E+00  0.70794656872749E-01  0.92788815498352E-01
       0.8300   0.27051702141762E+00  0.16435113549232E+00  0.43486815690994E+00  0.11396302282810E+00  0.15654680132866E+00  0.70880308747292E-01  0.93469664454460E-01
       0.8400   0.26835805177689E+00  0.16488933563232E+00  0.43324738740921E+00  0.11249811947346E+00  0.15585285425186E+00  0.70705205202103E-01  0.94183057546616E-01
       0.8500   0.26645419001579E+00  0.16517010331154E+00  0.43162429332733E+00  0.11123844981194E+00  0.15520849823952E+00  0.70275858044624E-01  0.94893075525761E-01
       0.8600   0.26482471823692E+00  0.16517470777035E+00  0.42999941110611E+00  0.11018124222755E+00  0.15463638305664E+00  0.69607533514500E-01  0.95566034317017E-01
       0.8700   0.26347506046295E+00  0.16489529609680E+00  0.42837035655975E+00  0.10931542515755E+00  0.15415269136429E+00  0.68722873926163E-01  0.96171289682388E-01
       0.8800   0.26239860057831E+00  0.16433426737785E+00  0.42673286795616E+00  0.10862267017365E+00  0.15376906096935E+00  0.67650809884071E-01  0.96682265400887E-01
       0.8900   0.26157677173615E+00  0.16350296139717E+00  0.42507973313332E+00  0.10807918757200E+00  0.15349066257477E+00  0.66424891352654E-01  0.97076907753944E-01
       0.9000   0.26098158955574E+00  0.16242083907127E+00  0.42340242862701E+00  0.10765661299229E+00  0.15331806242466E+00  0.65081670880318E-01  0.97338020801544E-01
       0.9100   0.26057744026184E+00  0.16111364960670E+00  0.42169108986855E+00  0.10732380300760E+00  0.15324681997299E+00  0.63659131526947E-01  0.97453415393829E-01
       0.9200   0.26032403111458E+00  0.15961253643036E+00  0.41993656754494E+00  0.10704890638590E+00  0.15326839685440E+00  0.62195416539907E-01  0.97415909171104E-01
       0.9300   0.26017755270004E+00  0.15795135498047E+00  0.41812890768051E+00  0.10680061578751E+00  0.15337045490742E+00  0.60727000236511E-01  0.97223132848740E-01
       0.9400   0.26009362936020E+00  0.15616601705551E+00  0.41625964641571E+00  0.10654953122139E+00  0.15353751182556E+00  0.59287525713444E-01  0.96877284348011E-01
       0.9500   0.26002827286720E+00  0.15429282188416E+00  0.41432109475136E+00  0.10626922547817E+00  0.15375253558159E+00  0.57906437665224E-01  0.96385128796101E-01
       0.9600   0.25994050502777E+00  0.15236699581146E+00  0.41230750083923E+00  0.10593740642071E+00  0.15399672091007E+00  0.56608259677887E-01  0.95757536590099E-01
       0.9700   0.25979235768318E+00  0.15042176842690E+00  0.41021412611008E+00  0.10553532838821E+00  0.15425074100494E+00  0.55411793291569E-01  0.95008775591850E-01
       0.9800   0.25955092906952E+00  0.14848732948303E+00  0.40803825855255E+00  0.10504911839962E+00  0.15449540317059E+00  0.54330140352249E-01  0.94155982136726E-01
       0.9900   0.25918698310852E+00  0.14658981561661E+00  0.40577679872513E+00  0.10446809232235E+00  0.15471285581589E+00  0.53370639681816E-01  0.93217939138412E-01
       1.0000   0.25867888331413E+00  0.14475101232529E+00  0.40342989563942E+00  0.10378644615412E+00  0.15488623082638E+00  0.52535295486450E-01  0.92214524745941E-01
       1.0100   0.25800946354866E+00  0.14298850297928E+00  0.40099796652794E+00  0.10300171375275E+00  0.15500134229660E+00  0.51821444183588E-01  0.91165870428085E-01
       1.0200   0.25716817378998E+00  0.14131519198418E+00  0.39848336577415E+00  0.10211584717035E+00  0.15504606068134E+00  0.51222376525402E-01  0.90091586112976E-01
       1.0300   0.25615155696869E+00  0.13973954319954E+00  0.39589110016823E+00  0.10113385319710E+00  0.15501144528389E+00  0.50727922469378E-01  0.89010328054428E-01
       1.0400   0.25496155023575E+00  0.13826556503773E+00  0.39322710037231E+00  0.10006408393383E+00  0.15489101409912E+00  0.50325095653534E-01  0.87939292192459E-01
       1.0500   0.25360602140427E+00  0.13689324259758E+00  0.39049926400185E+00  0.98917812108994E-01  0.15468172729015E+00  0.49998469650745E-01  0.86893543601036E-01
       1.0600   0.25209754705429E+00  0.13561835885048E+00  0.38771590590477E+00  0.97707912325859E-01  0.15438309311867E+00  0.49731224775314E-01  0.85885852575302E-01
       1.0700   0.25045210123062E+00  0.13443350791931E+00  0.38488560914993E+00  0.96448421478271E-01  0.15399740636349E+00  0.49505945295095E-01  0.84926299750805E-01
       1.0800   0.24868965148926E+00  0.13332901895046E+00  0.38201868534088E+00  0.95154330134392E-01  0.15352913737297E+00  0.49305461347103E-01  0.84022305905819E-01
       1.0900   0.24683144688606E+00  0.13229331374168E+00  0.37912476062775E+00  0.93840390443802E-01  0.15298506617546E+00  0.49113415181637E-01  0.83178624510765E-01
       1.1000   0.24489983916283E+00  0.13131354749203E+00  0.37621337175369E+00  0.92520892620087E-01  0.15237340331078E+00  0.48914860934019E-01  0.82397431135178E-01
       1.1100   0.24291831254959E+00  0.13037626445293E+00  0.37329459190369E+00  0.91209024190903E-01  0.15170373022556E+00  0.48696372658014E-01  0.81678651273251E-01
       1.1200   0.24090826511383E+00  0.12946769595146E+00  0.37037596106529E+00  0.89916810393333E-01  0.15098607540131E+00  0.48446431756020E-01  0.81019952893257E-01
       1.1300   0.23889073729515E+00  0.12857429683208E+00  0.36746501922607E+00  0.88654555380344E-01  0.15023100376129E+00  0.48155590891838E-01  0.80417454242706E-01
       1.1400   0.23688396811485E+00  0.12768377363682E+00  0.36456775665283E+00  0.87430506944656E-01  0.14944842457771E+00  0.47816868871450E-01  0.79865634441376E-01
       1.1500   0.23490393161774E+00  0.12678477168083E+00  0.36168870329857E+00  0.86250796914101E-01  0.14864821732044E+00  0.47425772994757E-01  0.79357713460922E-01
       1.1600   0.23296311497688E+00  0.12586769461632E+00  0.35883080959320E+00  0.85119791328907E-01  0.14783860743046E+00  0.46980388462543E-01  0.78886054456234E-01
       1.1700   0.23107141256332E+00  0.12492506206036E+00  0.35599648952484E+00  0.84039390087128E-01  0.14702767133713E+00  0.46481288969517E-01  0.78442528843880E-01
       1.1800   0.22923581302166E+00  0.12395152449608E+00  0.35318732261658E+00  0.83009824156761E-01  0.14622162282467E+00  0.45931458473206E-01  0.78018829226494E-01
       1.1900   0.22745978832245E+00  0.12294405698776E+00  0.35040384531021E+00  0.82029514014721E-01  0.14542599022388E+00  0.45335926115513E-01  0.77606871724129E-01
       1.2000   0.22574454545975E+00  0.12190167605877E+00  0.34764623641968E+00  0.81095322966576E-01  0.14464512467384E+00  0.44701583683491E-01  0.77198870480061E-01
       1.2100   0.22408872842789E+00  0.12082511186600E+00  0.34491384029388E+00  0.80202929675579E-01  0.14388194680214E+00  0.44036597013474E-01  0.76787240803242E-01
       1.2200   0.22248956561089E+00  0.11971642076969E+00  0.34220600128174E+00  0.79347088932991E-01  0.14313860237598E+00  0.43349973857403E-01  0.76365172863007E-01
       1.2300   0.22094160318375E+00  0.11857876181602E+00  0.33952036499977E+00  0.78521803021431E-01  0.14241605997086E+00  0.42650956660509E-01  0.75926557183266E-01
       1.2400   0.21943879127502E+00  0.11741606891155E+00  0.33685487508774E+00  0.77720820903778E-01  0.14171436429024E+00  0.41948489844799E-01  0.75466334819794E-01
       1.2500   0.21797388792038E+00  0.11623303592205E+00  0.33420693874359E+00  0.76937690377235E-01  0.14103250205517E+00  0.41250836104155E-01  0.74980944395065E-01
       1.2600   0.21653839945793E+00  0.11503466963768E+00  0.33157306909561E+00  0.76166011393070E-01  0.14036890864372E+00  0.40565289556980E-01  0.74468098580837E-01
       1.2700   0.21512436866760E+00  0.11382655799389E+00  0.32895094156265E+00  0.75399741530418E-01  0.13972115516663E+00  0.39898000657558E-01  0.73927283287048E-01
       1.2800   0.21372267603874E+00  0.11261457204819E+00  0.32633724808693E+00  0.74633121490479E-01  0.13908630609512E+00  0.39254076778889E-01  0.73359206318855E-01
       1.2900   0.21232521533966E+00  0.11140465736389E+00  0.32372987270355E+00  0.73861047625542E-01  0.13846097886562E+00  0.38637340068817E-01  0.72766035795212E-01
       1.3000   0.21092411875725E+00  0.11020302772522E+00  0.32112714648247E+00  0.73079489171505E-01  0.13784155249596E+00  0.38050659000874E-01  0.72151139378548E-01
       1.3100   0.20951201021671E+00  0.10901565849781E+00  0.31852766871452E+00  0.72285108268261E-01  0.13722401857376E+00  0.37495724856853E-01  0.71518719196320E-01
       1.3200   0.20808276534081E+00  0.10784807801247E+00  0.31593084335327E+00  0.71475431323051E-01  0.13660466670990E+00  0.36973237991333E-01  0.70873603224754E-01
       1.3300   0.20663154125214E+00  0.10670514404774E+00  0.31333667039871E+00  0.70649161934853E-01  0.13597980141640E+00  0.36483068019152E-01  0.70220872759819E-01
       1.3400   0.20515435934067E+00  0.10559092462063E+00  0.31074529886246E+00  0.69805882871151E-01  0.13534584641457E+00  0.36024224013090E-01  0.69565482437611E-01
       1.3500   0.20364862680435E+00  0.10450844466686E+00  0.30815708637238E+00  0.68946152925491E-01  0.13469997048378E+00  0.35595010966063E-01  0.68912252783775E-01
       1.3600   0.20211358368397E+00  0.10345967113972E+00  0.30557325482368E+00  0.68071439862251E-01  0.13403967022896E+00  0.35193204879761E-01  0.68265318870544E-01
       1.3700   0.20054921507835E+00  0.10244533419609E+00  0.30299454927444E+00  0.67183949053288E-01  0.13336305320263E+00  0.34815967082977E-01  0.67628219723701E-01
       1.3800   0.19895738363266E+00  0.10146509110928E+00  0.30042248964310E+00  0.66286481916904E-01  0.13266849517822E+00  0.34460179507732E-01  0.67003764212132E-01
       1.3900   0.19734048843384E+00  0.10051736235619E+00  0.29785785079002E+00  0.65382510423660E-01  0.13195554912090E+00  0.34122340381145E-01  0.66393919289112E-01
       1.4000   0.19570183753967E+00  0.99599793553352E-01  0.29530161619186E+00  0.64475640654564E-01  0.13122388720512E+00  0.33798791468143E-01  0.65799899399281E-01
       1.4100   0.19404593110085E+00  0.98709031939507E-01  0.29275494813919E+00  0.63569694757462E-01  0.13047413527966E+00  0.33485770225525E-01  0.65222166478634E-01
       1.4200   0.19237813353539E+00  0.97841247916222E-01  0.29021936655045E+00  0.62668889760971E-01  0.12970703840256E+00  0.33179473131895E-01  0.64660683274269E-01
       1.4300   0.19070345163345E+00  0.96992164850235E-01  0.28769561648369E+00  0.61777211725712E-01  0.12892411649227E+00  0.32876271754503E-01  0.64114823937416E-01
       1.4400   0.18902769684792E+00  0.96157304942608E-01  0.28518500924110E+00  0.60898333787918E-01  0.12812739610672E+00  0.32572627067566E-01  0.63583649694920E-01
       1.4500   0.18735674023628E+00  0.95332115888596E-01  0.28268885612488E+00  0.60035847127438E-01  0.12731899321079E+00  0.32265365123749E-01  0.63065782189369E-01
       1.4600   0.18569573760033E+00  0.94512328505516E-01  0.28020805120468E+00  0.59192512184381E-01  0.12650163471699E+00  0.31951662153006E-01  0.62559686601162E-01
       1.4700   0.18405008316040E+00  0.93693733215332E-01  0.27774381637573E+00  0.58370970189571E-01  0.12567803263664E+00  0.31629133969545E-01  0.62063597142696E-01
       1.4800   0.18242447078228E+00  0.92872634530067E-01  0.27529710531235E+00  0.57572834193707E-01  0.12485046684742E+00  0.31296003609896E-01  0.61575658619404E-01
       1.4900   0.18082249164581E+00  0.92046000063419E-01  0.27286848425865E+00  0.56799553334713E-01  0.12402156740427E+00  0.30951026827097E-01  0.61094038188457E-01
       1.5000   0.17924684286118E+00  0.91211445629597E-01  0.27045828104019E+00  0.56051678955555E-01  0.12319397926331E+00  0.30593685805798E-01  0.60616813600063E-01
       1.5100   0.17769972980022E+00  0.90367294847965E-01  0.26806703209877E+00  0.55329121649265E-01  0.12236951291561E+00  0.30224021524191E-01  0.60142304748297E-01
       1.5200   0.17618234455585E+00  0.89512765407562E-01  0.26569509506226E+00  0.54631255567074E-01  0.12155021727085E+00  0.29842847958207E-01  0.59668965637684E-01
       1.5300   0.17469501495361E+00  0.88647812604904E-01  0.26334282755852E+00  0.53956862539053E-01  0.12073726952076E+00  0.29451481997967E-01  0.59195406734943E-01
       1.5400   0.17323741316795E+00  0.87773188948631E-01  0.26101058721542E+00  0.53304433822632E-01  0.11993225663900E+00  0.29051877558231E-01  0.58720394968987E-01
       1.5500   0.17180857062340E+00  0.86890421807766E-01  0.25869899988174E+00  0.52671886980534E-01  0.11913596838713E+00  0.28646370396018E-01  0.58243144303560E-01
       1.5600   0.17040668427944E+00  0.86001515388489E-01  0.25640821456909E+00  0.52057161927223E-01  0.11834910511971E+00  0.28237652033567E-01  0.57762984186411E-01
       1.5700   0.16903024911880E+00  0.85109010338783E-01  0.25413924455643E+00  0.51457755267620E-01  0.11757211387157E+00  0.27828529477119E-01  0.57279638946056E-01
       1.5800   0.16767720878124E+00  0.84215685725212E-01  0.25189289450645E+00  0.50871532410383E-01  0.11680534482002E+00  0.27421826496720E-01  0.56793011724949E-01
       1.5900   0.16634526848793E+00  0.83324261009693E-01  0.24966952204704E+00  0.50296090543270E-01  0.11604888737202E+00  0.27020160108805E-01  0.56303326040506E-01
       1.6000   0.16503205895424E+00  0.82437567412853E-01  0.24746963381767E+00  0.49729231745005E-01  0.11530268192291E+00  0.26625890284777E-01  0.55810887366533E-01
       1.6100   0.16373595595360E+00  0.81558033823967E-01  0.24529398977757E+00  0.49169182777405E-01  0.11456651985645E+00  0.26240916922688E-01  0.55316362529993E-01
       1.6200   0.16245432198048E+00  0.80687925219536E-01  0.24314224720001E+00  0.48614181578159E-01  0.11384001374245E+00  0.25866778567433E-01  0.54820384830236E-01
       1.6300   0.16118562221527E+00  0.79828925430775E-01  0.24101454019547E+00  0.48062846064568E-01  0.11312275379896E+00  0.25504464283586E-01  0.54323736578226E-01
       1.6400   0.15992805361748E+00  0.78982450067997E-01  0.23891049623489E+00  0.47513917088509E-01  0.11241434514523E+00  0.25154534727335E-01  0.53827192634344E-01
       1.6500   0.15868012607098E+00  0.78149437904358E-01  0.23682956397533E+00  0.46966489404440E-01  0.11171402782202E+00  0.24817168712616E-01  0.53331561386585E-01
       1.6600   0.15744075179100E+00  0.77330432832241E-01  0.23477119207382E+00  0.46419829130173E-01  0.11102120578289E+00  0.24492189288139E-01  0.52837569266558E-01
       1.6700   0.15620844066143E+00  0.76525740325451E-01  0.23273417353630E+00  0.45873515307903E-01  0.11033509671688E+00  0.24179112166166E-01  0.52345983684063E-01
       1.6800   0.15498200058937E+00  0.75735285878181E-01  0.23071728646755E+00  0.45327335596085E-01  0.10965511202812E+00  0.23877214640379E-01  0.51857434213161E-01
       1.6900   0.15376111865044E+00  0.74958786368370E-01  0.22871990501881E+00  0.44781327247620E-01  0.10898032784462E+00  0.23585619404912E-01  0.51372557878494E-01
       1.7000   0.15254521369934E+00  0.74195906519890E-01  0.22674112021923E+00  0.44235698878765E-01  0.10830998420715E+00  0.23303311318159E-01  0.50891954451799E-01
       1.7100   0.15133363008499E+00  0.73446005582809E-01  0.22477963566780E+00  0.43690949678421E-01  0.10764335095882E+00  0.23029197007418E-01  0.50416190177202E-01
       1.7200   0.15012648701668E+00  0.72708547115326E-01  0.22283503413200E+00  0.43147623538971E-01  0.10697959363461E+00  0.22762069478631E-01  0.49945838749409E-01
       1.7300   0.14892393350601E+00  0.71982800960541E-01  0.22090673446655E+00  0.42606372386217E-01  0.10631811618805E+00  0.22500798106194E-01  0.49481354653835E-01
       1.7400   0.14772571623325E+00  0.71268007159233E-01  0.21899372339249E+00  0.42068064212799E-01  0.10565833747387E+00  0.22244276478887E-01  0.49023188650608E-01
       1.7500   0.14653220772743E+00  0.70563510060310E-01  0.21709571778774E+00  0.41533417999744E-01  0.10499954223633E+00  0.21991420537233E-01  0.48571567982435E-01
       1.7600   0.14534386992455E+00  0.69868661463261E-01  0.21521252393723E+00  0.41003301739693E-01  0.10434144735336E+00  0.21741373464465E-01  0.48126794397831E-01
       1.7700   0.14416125416756E+00  0.69182783365250E-01  0.21334403753281E+00  0.40478479117155E-01  0.10368373990059E+00  0.21493382751942E-01  0.47688927501440E-01
       1.7800   0.14298477768898E+00  0.68505257368088E-01  0.21149003505707E+00  0.39959706366062E-01  0.10302613675594E+00  0.21246850490570E-01  0.47257974743843E-01
       1.7900   0.14181509613991E+00  0.67835599184036E-01  0.20965069532394E+00  0.39447620511055E-01  0.10236851871014E+00  0.21001368761063E-01  0.46833828091621E-01
       1.8000   0.14065268635750E+00  0.67173324525356E-01  0.20782601833344E+00  0.38942836225033E-01  0.10171086341143E+00  0.20756660029292E-01  0.46416293829679E-01
       1.8100   0.13949808478355E+00  0.66518060863018E-01  0.20601615309715E+00  0.38445733487606E-01  0.10105358064175E+00  0.20512619987130E-01  0.46005107462406E-01
       1.8200   0.13835217058659E+00  0.65869569778442E-01  0.20422174036503E+00  0.37956751883030E-01  0.10039673745632E+00  0.20269270986319E-01  0.45599952340126E-01
       1.8300   0.13721555471420E+00  0.65227538347244E-01  0.20244309306145E+00  0.37476170808077E-01  0.99740751087666E-01  0.20026698708534E-01  0.45200519263744E-01
       1.8400   0.13608902692795E+00  0.64591884613037E-01  0.20068091154099E+00  0.37004120647907E-01  0.99086180329323E-01  0.19785171374679E-01  0.44806398451328E-01
       1.8500   0.13497284054756E+00  0.63962429761887E-01  0.19893527030945E+00  0.36540765315294E-01  0.98433539271355E-01  0.19544940441847E-01  0.44417198747396E-01
       1.8600   0.13386797904968E+00  0.63339158892632E-01  0.19720713794231E+00  0.36086138337851E-01  0.97783267498016E-01  0.19306322559714E-01  0.44032540172338E-01
       1.8700   0.13277468085289E+00  0.62722057104111E-01  0.19549673795700E+00  0.35640276968479E-01  0.97136050462723E-01  0.19069716334343E-01  0.43652020394802E-01
       1.8800   0.13169345259666E+00  0.62111131846905E-01  0.19380459189415E+00  0.35202980041504E-01  0.96492245793343E-01  0.18835531547666E-01  0.43275300413370E-01
       1.8900   0.13062465190887E+00  0.61506569385529E-01  0.19213122129440E+00  0.34774117171764E-01  0.95852404832840E-01  0.18604174256325E-01  0.42902089655399E-01
       1.9000   0.12956830859184E+00  0.60908533632755E-01  0.19047683477402E+00  0.34353483468294E-01  0.95216855406761E-01  0.18376087769866E-01  0.42532145977020E-01
       1.9100   0.12852452695370E+00  0.60317285358906E-01  0.18884181976318E+00  0.33940833061934E-01  0.94585858285427E-01  0.18151702359319E-01  0.42165312916040E-01
       1.9200   0.12749344110489E+00  0.59733096510172E-01  0.18722653388977E+00  0.33535871654749E-01  0.93959629535675E-01  0.17931409180164E-01  0.41801452636719E-01
       1.9300   0.12647433578968E+00  0.59156253933907E-01  0.18563058972359E+00  0.33138312399387E-01  0.93338273465633E-01  0.17715545371175E-01  0.41440486907959E-01
       1.9400   0.12546753883362E+00  0.58587007224560E-01  0.18405455350876E+00  0.32747924327850E-01  0.92721864581108E-01  0.17504408955574E-01  0.41082404553890E-01
       1.9500   0.12447251379490E+00  0.58025516569614E-01  0.18249803781509E+00  0.32364353537560E-01  0.92110544443130E-01  0.17298184335232E-01  0.40727164596319E-01
       1.9600   0.12348911166191E+00  0.57471953332424E-01  0.18096107244492E+00  0.31987369060516E-01  0.91504104435444E-01  0.17096988856792E-01  0.40374770760536E-01
       1.9700   0.12251698970795E+00  0.56926272809505E-01  0.17944326996803E+00  0.31616821885109E-01  0.90902552008629E-01  0.16900815069675E-01  0.40025293827057E-01
       1.9800   0.12155603617430E+00  0.56388478726149E-01  0.17794451117516E+00  0.31252570450306E-01  0.90305872261524E-01  0.16709547489882E-01  0.39678752422333E-01
       1.9900   0.12060615420341E+00  0.55858340114355E-01  0.17646449804306E+00  0.30894551426172E-01  0.89713990688324E-01  0.16522999852896E-01  0.39335187524557E-01
       2.0000   0.11966722458601E+00  0.55335588753223E-01  0.17500281333923E+00  0.30542746186256E-01  0.89126884937286E-01  0.16340846195817E-01  0.38994625210762E-01
       2.0100   0.11873917281628E+00  0.54819919168949E-01  0.17355909943581E+00  0.30197232961655E-01  0.88544525206089E-01  0.16162691637874E-01  0.38657113909721E-01
       2.0200   0.11782224476337E+00  0.54310873150826E-01  0.17213311791420E+00  0.29857974499464E-01  0.87966829538345E-01  0.15988066792488E-01  0.38322675973177E-01
       2.0300   0.11691651493311E+00  0.53807981312275E-01  0.17072449624538E+00  0.29525049030781E-01  0.87393864989281E-01  0.15816483646631E-01  0.37991382181644E-01
       2.0400   0.11602181196213E+00  0.53310789167881E-01  0.16933259367943E+00  0.29198663309216E-01  0.86825534701347E-01  0.15647418797016E-01  0.37663280963898E-01
       2.0500   0.11513830721378E+00  0.52818812429905E-01  0.16795712709427E+00  0.28878834098577E-01  0.86261913180351E-01  0.15480359084904E-01  0.37338387221098E-01
       2.0600   0.11426617205143E+00  0.52331648766994E-01  0.16659781336784E+00  0.28565570712090E-01  0.85702881217003E-01  0.15314840711653E-01  0.37016723304987E-01
       2.0700   0.11340503394604E+00  0.51848925650120E-01  0.16525396704674E+00  0.28258960694075E-01  0.85148423910141E-01  0.15150533989072E-01  0.36698311567307E-01
       2.0800   0.11255481839180E+00  0.51370434463024E-01  0.16392526030540E+00  0.27958817780018E-01  0.84598496556282E-01  0.14987181872129E-01  0.36383144557476E-01
       2.0900   0.11171519756317E+00  0.50895959138870E-01  0.16261115670204E+00  0.27665093541145E-01  0.84052771329880E-01  0.14824680984020E-01  0.36071166396141E-01
       2.1000   0.11088596284389E+00  0.50425462424755E-01  0.16131141781807E+00  0.27377348393202E-01  0.83511151373386E-01  0.14663059264421E-01  0.35762339830399E-01
       2.1100   0.11006624996662E+00  0.49959167838097E-01  0.16002541780472E+00  0.27095321565866E-01  0.82973435521126E-01  0.14502491801977E-01  0.35456620156765E-01
       2.1200   0.10925555229187E+00  0.49497243016958E-01  0.15875279903412E+00  0.26818666607141E-01  0.82439452409744E-01  0.14343259856105E-01  0.35153932869434E-01
       2.1300   0.10845334082842E+00  0.49040094017982E-01  0.15749344229698E+00  0.26546921581030E-01  0.81908836960793E-01  0.14185758307576E-01  0.34854251891375E-01
       2.1400   0.10765862464905E+00  0.48588074743748E-01  0.15624669194221E+00  0.26279624551535E-01  0.81381335854530E-01  0.14030445367098E-01  0.34557547420263E-01
       2.1500   0.10687051713467E+00  0.48141717910767E-01  0.15501223504543E+00  0.26016265153885E-01  0.80856591463089E-01  0.13877782039344E-01  0.34263875335455E-01
       2.1600   0.10608837008476E+00  0.47701600939035E-01  0.15378996729851E+00  0.25756433606148E-01  0.80334231257439E-01  0.13728264719248E-01  0.33973280340433E-01
       2.1700   0.10531133413315E+00  0.47268219292164E-01  0.15257954597473E+00  0.25499649345875E-01  0.79814091324806E-01  0.13582304120064E-01  0.33685859292746E-01
       2.1800   0.10453881323338E+00  0.46842053532600E-01  0.15138086676598E+00  0.25245577096939E-01  0.79295665025711E-01  0.13440255075693E-01  0.33401772379875E-01
       2.1900   0.10377019643784E+00  0.46423524618149E-01  0.15019372105598E+00  0.24993877857924E-01  0.78778803348541E-01  0.13302356004715E-01  0.33121123909950E-01
       2.2000   0.10300514101982E+00  0.46012800186872E-01  0.14901794493198E+00  0.24744324386120E-01  0.78263290226460E-01  0.13168712146580E-01  0.32844085246325E-01
       2.2100   0.10224325954914E+00  0.45610077679157E-01  0.14785334467888E+00  0.24496730417013E-01  0.77749028801918E-01  0.13039330951869E-01  0.32570760697126E-01
       2.2200   0.10148429125547E+00  0.45215334743261E-01  0.14669962227345E+00  0.24250995367765E-01  0.77235937118530E-01  0.12914048507810E-01  0.32301299273968E-01
       2.2300   0.10072849690914E+00  0.44828340411186E-01  0.14555683732033E+00  0.24007024243474E-01  0.76724052429199E-01  0.12792592868209E-01  0.32035745680332E-01
       2.2400   0.99975995719433E-01  0.44448684900999E-01  0.14442467689514E+00  0.23764859884977E-01  0.76213642954826E-01  0.12674582190812E-01  0.31774137169123E-01
       2.2500   0.99226832389832E-01  0.44075943529606E-01  0.14330276846886E+00  0.23524586111307E-01  0.75704857707024E-01  0.12559525668621E-01  0.31516451388597E-01
       2.2600   0.98481759428978E-01  0.43709456920624E-01  0.14219121634960E+00  0.23286271840334E-01  0.75198113918304E-01  0.12446882203221E-01  0.31262584030628E-01
       2.2700   0.97740955650806E-01  0.43348409235477E-01  0.14108936488628E+00  0.23050017654896E-01  0.74693679809570E-01  0.12336047366261E-01  0.31012382358313E-01
       2.2800   0.97005300223827E-01  0.42992047965527E-01  0.13999734818935E+00  0.22815901786089E-01  0.74192009866238E-01  0.12226451188326E-01  0.30765628442168E-01
       2.2900   0.96275232732296E-01  0.42639497667551E-01  0.13891473412514E+00  0.22584132850170E-01  0.73693722486496E-01  0.12117483653128E-01  0.30522048473358E-01
       2.3000   0.95551565289497E-01  0.42289897799492E-01  0.13784146308899E+00  0.22354815155268E-01  0.73199331760406E-01  0.12008607387543E-01  0.30281299725175E-01
       2.3100   0.94834789633751E-01  0.41942410171032E-01  0.13677719235420E+00  0.22128025069833E-01  0.72709284722805E-01  0.11899342760444E-01  0.30043076723814E-01
       2.3200   0.94125568866730E-01  0.41596278548241E-01  0.13572184741497E+00  0.21903891116381E-01  0.72224184870720E-01  0.11789288371801E-01  0.29807012528181E-01
       2.3300   0.93424513936043E-01  0.41250847280025E-01  0.13467535376549E+00  0.21682452410460E-01  0.71744456887245E-01  0.11678107082844E-01  0.29572747647762E-01
       2.3400   0.92732049524784E-01  0.40905572474003E-01  0.13363762199879E+00  0.21463789045811E-01  0.71270570158958E-01  0.11565618216991E-01  0.29339972883463E-01
       2.3500   0.92048421502113E-01  0.40560044348240E-01  0.13260847330093E+00  0.21247897297144E-01  0.70802837610245E-01  0.11451707221568E-01  0.29108364135027E-01
       2.3600   0.91374143958092E-01  0.40214002132416E-01  0.13158814609051E+00  0.21034821867943E-01  0.70341564714909E-01  0.11336394585669E-01  0.28877669945359E-01
       2.3700   0.90709164738655E-01  0.39867427200079E-01  0.13057659566402E+00  0.20824473351240E-01  0.69886863231659E-01  0.11219820939004E-01  0.28647640720010E-01
       2.3800   0.90053468942642E-01  0.39520259946585E-01  0.12957373261452E+00  0.20616747438908E-01  0.69438919425011E-01  0.11102208867669E-01  0.28418112546206E-01
       2.3900   0.89407056570053E-01  0.39172779768705E-01  0.12857984006405E+00  0.20411584526300E-01  0.68997725844383E-01  0.10983900167048E-01  0.28188932687044E-01
       2.4000   0.88769704103470E-01  0.38825262337923E-01  0.12759496271610E+00  0.20208841189742E-01  0.68563185632229E-01  0.10865315794945E-01  0.27959994971752E-01
       2.4100   0.88141173124313E-01  0.38478106260300E-01  0.12661927938461E+00  0.20008403807878E-01  0.68135149776936E-01  0.10746920481324E-01  0.27731236070395E-01
       2.4200   0.87521113455296E-01  0.38131803274155E-01  0.12565290927887E+00  0.19810138270259E-01  0.67713394761086E-01  0.10629229247570E-01  0.27502641081810E-01
       2.4300   0.86909241974354E-01  0.37786934524775E-01  0.12469618022442E+00  0.19613925367594E-01  0.67297711968422E-01  0.10512753389776E-01  0.27274230495095E-01
       2.4400   0.86304873228073E-01  0.37444017827511E-01  0.12374889105558E+00  0.19419634714723E-01  0.66887669265270E-01  0.10398000478745E-01  0.27046110481024E-01
       2.4500   0.85707798600197E-01  0.37103664129972E-01  0.12281146645546E+00  0.19227227196097E-01  0.66483035683632E-01  0.10285411030054E-01  0.26818331331015E-01
       2.4600   0.85117548704147E-01  0.36766361445189E-01  0.12188391387463E+00  0.19036632031202E-01  0.66083334386349E-01  0.10175382718444E-01  0.26591064408422E-01
       2.4700   0.84533698856831E-01  0.36432605236769E-01  0.12096630036831E+00  0.18847890198231E-01  0.65688222646713E-01  0.10068223811686E-01  0.26364484801888E-01
       2.4800   0.83955839276314E-01  0.36102816462517E-01  0.12005865573883E+00  0.18661025911570E-01  0.65297186374664E-01  0.99641550332308E-02  0.26138767600060E-01
       2.4900   0.83383686840534E-01  0.35777322947979E-01  0.11916100978851E+00  0.18476132303476E-01  0.64909942448139E-01  0.98633095622063E-02  0.25914125144482E-01
       2.5000   0.82817032933235E-01  0.35456344485283E-01  0.11827337741852E+00  0.18293354660273E-01  0.64526043832302E-01  0.97657022997737E-02  0.25690745562315E-01
       2.5100   0.82255572080612E-01  0.35140044987202E-01  0.11739561706781E+00  0.18112849444151E-01  0.64145080745220E-01  0.96712894737720E-02  0.25468848645687E-01
       2.5200   0.81699073314667E-01  0.34828431904316E-01  0.11652750521898E+00  0.17934778705239E-01  0.63766688108444E-01  0.95799416303635E-02  0.25248602032661E-01
       2.5300   0.81147551536560E-01  0.34521512687206E-01  0.11566906422377E+00  0.17759323120117E-01  0.63390597701073E-01  0.94914762303233E-02  0.25030156597495E-01
       2.5400   0.80600827932358E-01  0.34219156950712E-01  0.11481998860836E+00  0.17586687579751E-01  0.63016489148140E-01  0.94056716188788E-02  0.24813625961542E-01
       2.5500   0.80058917403221E-01  0.33921226859093E-01  0.11398014426231E+00  0.17417035996914E-01  0.62644176185131E-01  0.93222707509995E-02  0.24599093943834E-01
       2.5600   0.79521693289280E-01  0.33627502620220E-01  0.11314919590950E+00  0.17250515520573E-01  0.62273472547531E-01  0.92410184442997E-02  0.24386618286371E-01
       2.5700   0.78989267349243E-01  0.33337734639645E-01  0.11232700198889E+00  0.17087250947952E-01  0.61904314905405E-01  0.91616483405232E-02  0.24176221340895E-01
       2.5800   0.78461557626724E-01  0.33051684498787E-01  0.11151324212551E+00  0.16927316784859E-01  0.61536479741335E-01  0.90839164331555E-02  0.23967918008566E-01
       2.5900   0.77938593924046E-01  0.32769113779068E-01  0.11070770770311E+00  0.16770720481873E-01  0.61170153319836E-01  0.90075954794884E-02  0.23761674761772E-01
       2.6000   0.77420331537724E-01  0.32489776611328E-01  0.10991010814905E+00  0.16617473214865E-01  0.60805145651102E-01  0.89324675500393E-02  0.23557476699352E-01
       2.6100   0.76906926929951E-01  0.32213468104601E-01  0.10912039875984E+00  0.16467541456223E-01  0.60441613197327E-01  0.88583510369062E-02  0.23355305194855E-01
       2.6200   0.76398178935051E-01  0.31940035521984E-01  0.10833821445704E+00  0.16320850700140E-01  0.60079574584961E-01  0.87850615382195E-02  0.23155149072409E-01
       2.6300   0.75894236564636E-01  0.31669288873672E-01  0.10756352543831E+00  0.16177292913198E-01  0.59719141572714E-01  0.87124556303024E-02  0.22957023233175E-01
       2.6400   0.75395002961159E-01  0.31401135027409E-01  0.10679613798857E+00  0.16036786139011E-01  0.59360366314650E-01  0.86403917521238E-02  0.22760942578316E-01
       2.6500   0.74900597333908E-01  0.31135492026806E-01  0.10603608936071E+00  0.15899201855063E-01  0.59003438800573E-01  0.85687264800072E-02  0.22566970437765E-01
       2.6600   0.74410840868950E-01  0.30872318893671E-01  0.10528315603733E+00  0.15764417126775E-01  0.58648437261581E-01  0.84973573684692E-02  0.22375158965588E-01
       2.6700   0.73925763368607E-01  0.30611597001553E-01  0.10453736037016E+00  0.15632310882211E-01  0.58295477181673E-01  0.84261875599623E-02  0.22185610607266E-01
       2.6800   0.73445372283459E-01  0.30353330075741E-01  0.10379870235920E+00  0.15502770431340E-01  0.57944580912590E-01  0.83551295101643E-02  0.21998412907124E-01
       2.6900   0.72969652712345E-01  0.30097566545010E-01  0.10306721925735E+00  0.15375683084130E-01  0.57595949620008E-01  0.82841170951724E-02  0.21813655272126E-01
       2.7000   0.72498522698879E-01  0.29844375327229E-01  0.10234289616346E+00  0.15250919386744E-01  0.57249516248703E-01  0.82131214439869E-02  0.21631460636854E-01
       2.7100   0.72031944990158E-01  0.29593806713820E-01  0.10162575542927E+00  0.15128402970731E-01  0.56905426084995E-01  0.81421099603176E-02  0.21451907232404E-01
       2.7200   0.71569912135601E-01  0.29345992952585E-01  0.10091590881348E+00  0.15008009038866E-01  0.56563667953014E-01  0.80710984766483E-02  0.21275091916323E-01
       2.7300   0.71112141013145E-01  0.29101019725204E-01  0.10021316260099E+00  0.14889649115503E-01  0.56224234402180E-01  0.80001149326563E-02  0.21101105958223E-01
       2.7400   0.70658646523952E-01  0.28859011828899E-01  0.99517658352852E-01  0.14773191884160E-01  0.55887121707201E-01  0.79292180016637E-02  0.20929984748363E-01
       2.7500   0.70209272205830E-01  0.28620112687349E-01  0.98829388618469E-01  0.14658545143902E-01  0.55552326142788E-01  0.78584868460894E-02  0.20761815831065E-01
       2.7600   0.69763779640198E-01  0.28384465724230E-01  0.98148241639137E-01  0.14545604586601E-01  0.55219791829586E-01  0.77880239114165E-02  0.20596640184522E-01
       2.7700   0.69322094321251E-01  0.28152216225863E-01  0.97474306821823E-01  0.14434199780226E-01  0.54889481514692E-01  0.77179493382573E-02  0.20434480160475E-01
       2.7800   0.68884059786797E-01  0.27923543006182E-01  0.96807599067688E-01  0.14324226416647E-01  0.54561346769333E-01  0.76483939774334E-02  0.20275361835957E-01
       2.7900   0.68449385464191E-01  0.27698578312993E-01  0.96147961914539E-01  0.14215534552932E-01  0.54235391318798E-01  0.75795007869601E-02  0.20119296386838E-01
       2.8000   0.68018078804016E-01  0.27477478608489E-01  0.95495559275150E-01  0.14107976108789E-01  0.53911529481411E-01  0.75114117935300E-02  0.19966278225183E-01
       2.8100   0.67589782178402E-01  0.27260344475508E-01  0.94850122928619E-01  0.14001373201609E-01  0.53589802235365E-01  0.74442727491260E-02  0.19816279411316E-01
       2.8200   0.67164406180382E-01  0.27047283947468E-01  0.94211690127850E-01  0.13895607553422E-01  0.53270190954208E-01  0.73782326653600E-02  0.19669258967042E-01
       2.8300   0.66741801798344E-01  0.26838392019272E-01  0.93580193817616E-01  0.13790490105748E-01  0.52952699363232E-01  0.73134293779731E-02  0.19525174051523E-01
       2.8400   0.66321745514870E-01  0.26633709669113E-01  0.92955455183983E-01  0.13685846701264E-01  0.52637346088886E-01  0.72499844245613E-02  0.19383929669857E-01
       2.8500   0.65904319286346E-01  0.26433255523443E-01  0.92337578535080E-01  0.13581560924649E-01  0.52324160933495E-01  0.71880007162690E-02  0.19245456904173E-01
       2.8600   0.65489284694195E-01  0.26237018406391E-01  0.91726303100586E-01  0.13477495871484E-01  0.52013158798218E-01  0.71275760419667E-02  0.19109640270472E-01
       2.8700   0.65076604485512E-01  0.26044925674796E-01  0.91121532022953E-01  0.13373562134802E-01  0.51704470068216E-01  0.70687755942345E-02  0.18976362422109E-01
       2.8800   0.64666271209717E-01  0.25856945663691E-01  0.90523213148117E-01  0.13269647955894E-01  0.51398016512394E-01  0.70116505958140E-02  0.18845498561859E-01
       2.8900   0.64258225262165E-01  0.25672942399979E-01  0.89931167662144E-01  0.13165721669793E-01  0.51093868911266E-01  0.69562196731567E-02  0.18716927617788E-01
       2.9000   0.63852436840534E-01  0.25492772459984E-01  0.89345209300518E-01  0.13061765581369E-01  0.50792083144188E-01  0.69024870172143E-02  0.18590496852994E-01
       2.9100   0.63449032604694E-01  0.25316311046481E-01  0.88765345513821E-01  0.12957728467882E-01  0.50492689013481E-01  0.68504316732287E-02  0.18466087058187E-01
       2.9200   0.63048005104065E-01  0.25143386796117E-01  0.88191390037537E-01  0.12853689491749E-01  0.50195686519146E-01  0.68000070750713E-02  0.18343571573496E-01
       2.9300   0.62649451196194E-01  0.24973783642054E-01  0.87623238563538E-01  0.12749704532325E-01  0.49901120364666E-01  0.67511480301619E-02  0.18222816288471E-01
       2.9400   0.62253490090370E-01  0.24807289242744E-01  0.87060779333115E-01  0.12645822018385E-01  0.49609046429396E-01  0.67037716507912E-02  0.18103705719113E-01
       2.9500   0.61860214918852E-01  0.24643708020449E-01  0.86503922939301E-01  0.12542188167572E-01  0.49319416284561E-01  0.66577591933310E-02  0.17986126244068E-01
       2.9600   0.61469849199057E-01  0.24482764303684E-01  0.85952609777451E-01  0.12438911944628E-01  0.49032296985388E-01  0.66129821352661E-02  0.17869966104627E-01
       2.9700   0.61082553118467E-01  0.24324236437678E-01  0.85406787693501E-01  0.12336139567196E-01  0.48747725784779E-01  0.65692900680006E-02  0.17755135893822E-01
       2.9800   0.60698475688696E-01  0.24167872965336E-01  0.84866344928741E-01  0.12234048917890E-01  0.48465739935637E-01  0.65265172161162E-02  0.17641538754106E-01
       2.9900   0.60317851603031E-01  0.24013372138143E-01  0.84331221878529E-01  0.12132808566093E-01  0.48186391592026E-01  0.64844680018723E-02  0.17529081553221E-01
       3.0000   0.59941012412310E-01  0.23860462009907E-01  0.83801478147507E-01  0.12032613158226E-01  0.47909751534462E-01  0.64429547637701E-02  0.17417684197426E-01
       3.0100   0.59568099677563E-01  0.23708848282695E-01  0.83276949822903E-01  0.11933619156480E-01  0.47635845839977E-01  0.64017642289400E-02  0.17307266592979E-01
       3.0200   0.59199430048466E-01  0.23558268323541E-01  0.82757696509361E-01  0.11836040765047E-01  0.47364752739668E-01  0.63606952317059E-02  0.17197754234076E-01
       3.0300   0.58835268020630E-01  0.23408422246575E-01  0.82243688404560E-01  0.11740055866539E-01  0.47096498310566E-01  0.63195428811014E-02  0.17089067026973E-01
       3.0400   0.58475784957409E-01  0.23259058594704E-01  0.81734843552113E-01  0.11645825579762E-01  0.46831224113703E-01  0.62781115993857E-02  0.16981121152639E-01
       3.0500   0.58121178299189E-01  0.23109916597605E-01  0.81231094896793E-01  0.11553517542779E-01  0.46568945050240E-01  0.62362365424633E-02  0.16873843967915E-01
       3.0600   0.57771671563387E-01  0.22960767149925E-01  0.80732434988022E-01  0.11463267728686E-01  0.46309694647789E-01  0.61937719583511E-02  0.16767147928476E-01
       3.0700   0.57427339255810E-01  0.22811410948634E-01  0.80238752067089E-01  0.11375139467418E-01  0.46053480356932E-01  0.61506051570177E-02  0.16660956665874E-01
       3.0800   0.57088330388069E-01  0.22661704570055E-01  0.79750031232834E-01  0.11289223097265E-01  0.45800395309925E-01  0.61066607013345E-02  0.16555193811655E-01
       3.0900   0.56754630059004E-01  0.22511560469866E-01  0.79266190528870E-01  0.11205533519387E-01  0.45550398528576E-01  0.60619190335274E-02  0.16449779272079E-01
       3.1000   0.56426249444485E-01  0.22360892966390E-01  0.78787140548229E-01  0.11124076321721E-01  0.45303452759981E-01  0.60163852758706E-02  0.16344644129276E-01
       3.1100   0.56103043258190E-01  0.22209722548723E-01  0.78312769532204E-01  0.11044778861105E-01  0.45059576630592E-01  0.59701302088797E-02  0.16239715740085E-01
       3.1200   0.55785000324249E-01  0.22058095782995E-01  0.77843099832535E-01  0.10967582464218E-01  0.44818647205830E-01  0.59232665225863E-02  0.16134947538376E-01
       3.1300   0.55471695959568E-01  0.21906118839979E-01  0.77377811074257E-01  0.10892307385802E-01  0.44580634683371E-01  0.58759525418282E-02  0.16030292958021E-01
       3.1400   0.55163025856018E-01  0.21753966808319E-01  0.76916992664337E-01  0.10818808339536E-01  0.44345449656248E-01  0.58283796533942E-02  0.15925714746118E-01
       3.1500   0.54858598858118E-01  0.21601833403111E-01  0.76460435986519E-01  0.10746867395937E-01  0.44112980365753E-01  0.57807718403637E-02  0.15821198001504E-01
       3.1600   0.54558191448450E-01  0.21449964493513E-01  0.76008155941963E-01  0.10676279664040E-01  0.43883152306080E-01  0.57333791628480E-02  0.15716722235084E-01
       3.1700   0.54261364042759E-01  0.21298632025719E-01  0.75559996068478E-01  0.10606801137328E-01  0.43655827641487E-01  0.56864703074098E-02  0.15612300485373E-01
       3.1800   0.53967833518982E-01  0.21148119121790E-01  0.75115948915482E-01  0.10538182221353E-01  0.43430887162685E-01  0.56403116323054E-02  0.15507949516177E-01
       3.1900   0.53677149116993E-01  0.20998688414693E-01  0.74675835669041E-01  0.10470198467374E-01  0.43208211660385E-01  0.55951485410333E-02  0.15403686091304E-01
       3.2000   0.53389102220535E-01  0.20850621163845E-01  0.74239723384380E-01  0.10402623564005E-01  0.42987711727619E-01  0.55512273684144E-02  0.15299540013075E-01
       3.2100   0.53103342652321E-01  0.20704146474600E-01  0.73807492852211E-01  0.10335277765989E-01  0.42769242078066E-01  0.55087432265282E-02  0.15195550397038E-01
       3.2200   0.52819605916739E-01  0.20559463649988E-01  0.73379069566727E-01  0.10267967358232E-01  0.42552776634693E-01  0.54678600281477E-02  0.15091748908162E-01
       3.2300   0.52537661045790E-01  0.20416710525751E-01  0.72954371571541E-01  0.10200595483184E-01  0.42338207364082E-01  0.54286727681756E-02  0.14988170936704E-01
       3.2400   0.52257440984249E-01  0.20275954157114E-01  0.72533398866653E-01  0.10133101604879E-01  0.42125463485718E-01  0.53912317380309E-02  0.14884856529534E-01
       3.2500   0.51978833973408E-01  0.20137205719948E-01  0.72116039693356E-01  0.10065428912640E-01  0.41914537549019E-01  0.53555164486170E-02  0.14781828969717E-01
       3.2600   0.51701903343201E-01  0.20000386983156E-01  0.71702286601067E-01  0.99976221099496E-02  0.41705384850502E-01  0.53214291110635E-02  0.14679109677672E-01
       3.2700   0.51426656544209E-01  0.19865401089191E-01  0.71292057633400E-01  0.99297715350986E-02  0.41498009115458E-01  0.52888207137585E-02  0.14576717279851E-01
       3.2800   0.51153376698494E-01  0.19732017070055E-01  0.70885390043259E-01  0.98620206117630E-02  0.41292406618595E-01  0.52574779838324E-02  0.14474667608738E-01
       3.2900   0.50882101058960E-01  0.19599989056587E-01  0.70482090115547E-01  0.97945109009743E-02  0.41088644415140E-01  0.52271313033998E-02  0.14372980222106E-01
       3.3000   0.50613172352314E-01  0.19469007849693E-01  0.70082180202007E-01  0.97274724394083E-02  0.40886744856834E-01  0.51974738016725E-02  0.14271656051278E-01
       3.3100   0.50346821546555E-01  0.19338756799698E-01  0.69685578346252E-01  0.96611008048058E-02  0.40686748921871E-01  0.51681692712009E-02  0.14170715585351E-01
       3.3200   0.50083361566067E-01  0.19208896905184E-01  0.69292262196541E-01  0.95956511795521E-02  0.40488738566637E-01  0.51388624124229E-02  0.14070151373744E-01
       3.3300   0.49823090434074E-01  0.19079081714153E-01  0.68902172148228E-01  0.95313563942909E-02  0.40292732417583E-01  0.51092104986310E-02  0.13969992287457E-01
       3.3400   0.49566268920898E-01  0.18949009478092E-01  0.68515278398991E-01  0.94684567302465E-02  0.40098816156387E-01  0.50788843072951E-02  0.13870238326490E-01
       3.3500   0.49313176423311E-01  0.18818395212293E-01  0.68131573498249E-01  0.94071263447404E-02  0.39907015860081E-01  0.50475876778364E-02  0.13770917430520E-01
       3.3600   0.49063898622990E-01  0.18687020987272E-01  0.67750915884972E-01  0.93475449830294E-02  0.39717353880405E-01  0.50150891765952E-02  0.13672043569386E-01
       3.3700   0.48818688839674E-01  0.18554743379354E-01  0.67373432219028E-01  0.92897918075323E-02  0.39529867470264E-01  0.49812039360404E-02  0.13573640957475E-01
       3.3800   0.48577476292849E-01  0.18421478569508E-01  0.66998958587646E-01  0.92339236289263E-02  0.39344526827335E-01  0.49458341673017E-02  0.13475747779012E-01
       3.3900   0.48340320587158E-01  0.18287234008312E-01  0.66627554595470E-01  0.91799087822437E-02  0.39161354303360E-01  0.49089509993792E-02  0.13378385454416E-01
       3.4000   0.48106979578733E-01  0.18152114003897E-01  0.66259093582630E-01  0.91276783496141E-02  0.38980294018984E-01  0.48706242814660E-02  0.13281589373946E-01
       3.4100   0.47877378761768E-01  0.18016288056970E-01  0.65893664956093E-01  0.90770777314901E-02  0.38801282644272E-01  0.48309895209968E-02  0.13185402378440E-01
       3.4200   0.47651186585426E-01  0.17880035564303E-01  0.65531224012375E-01  0.90279020369053E-02  0.38624241948128E-01  0.47902679070830E-02  0.13089857995510E-01
       3.4300   0.47428052872419E-01  0.17743671312928E-01  0.65171726047993E-01  0.89798988774419E-02  0.38449108600616E-01  0.47487467527390E-02  0.12995014898479E-01
       3.4400   0.47207593917847E-01  0.17607577145100E-01  0.64815171062946E-01  0.89327618479729E-02  0.38275778293610E-01  0.47067617997527E-02  0.12900913134217E-01
       3.4500   0.46989314258099E-01  0.17472209408879E-01  0.64461521804333E-01  0.88861584663391E-02  0.38104105740786E-01  0.46646916307509E-02  0.12807608582079E-01
       3.4600   0.46772751957178E-01  0.17337996512651E-01  0.64110748469830E-01  0.88397338986397E-02  0.37933968007565E-01  0.46229306608438E-02  0.12715152464807E-01
       3.4700   0.46557448804379E-01  0.17205391079187E-01  0.63762843608856E-01  0.87931584566832E-02  0.37765260785818E-01  0.45818658545613E-02  0.12623608112335E-01
       3.4800   0.46342898160219E-01  0.17074840143323E-01  0.63417740166187E-01  0.87460968643427E-02  0.37597782909870E-01  0.45418706722558E-02  0.12533051893115E-01
       3.4900   0.46128708869219E-01  0.16946742311120E-01  0.63075453042984E-01  0.86982483044267E-02  0.37431418895721E-01  0.45032789930701E-02  0.12443545274436E-01
       3.5000   0.45914433896542E-01  0.16821464523673E-01  0.62735900282860E-01  0.86493790149689E-02  0.37266060709953E-01  0.44663706794381E-02  0.12355167418718E-01
       3.5100   0.45699827373028E-01  0.16699280589819E-01  0.62399107962847E-01  0.85992878302932E-02  0.37101503461599E-01  0.44313594698906E-02  0.12267995625734E-01
       3.5200   0.45484550297260E-01  0.16580393537879E-01  0.62064945697784E-01  0.85478685796261E-02  0.36937620490789E-01  0.43983645737171E-02  0.12182112783194E-01
       3.5300   0.45268423855305E-01  0.16464961692691E-01  0.61733387410641E-01  0.84950597956777E-02  0.36774307489395E-01  0.43674386106431E-02  0.12097598984838E-01
       3.5400   0.45051384717226E-01  0.16353018581867E-01  0.61404403299093E-01  0.84408819675446E-02  0.36611393094063E-01  0.43385457247496E-02  0.12014548294246E-01
       3.5500   0.44833339750767E-01  0.16244534403086E-01  0.61077874153852E-01  0.83854449912906E-02  0.36448758095503E-01  0.43115727603436E-02  0.11933034285903E-01
       3.5600   0.44614389538765E-01  0.16139391809702E-01  0.60753781348467E-01  0.83289053291082E-02  0.36286331713200E-01  0.42863227427006E-02  0.11853141710162E-01
       3.5700   0.44394627213478E-01  0.16037423163652E-01  0.60432050377131E-01  0.82714809104800E-02  0.36123983561993E-01  0.42625544592738E-02  0.11774944141507E-01
       3.5800   0.44174253940582E-01  0.15938397496939E-01  0.60112651437521E-01  0.82134436815977E-02  0.35961624234915E-01  0.42399661615491E-02  0.11698509566486E-01
       3.5900   0.43953426182270E-01  0.15842057764530E-01  0.59795483946800E-01  0.81550944596529E-02  0.35799179226160E-01  0.42182328179479E-02  0.11623896658421E-01
       3.6000   0.43732538819313E-01  0.15748091042042E-01  0.59480629861355E-01  0.80967396497726E-02  0.35636618733406E-01  0.41970172896981E-02  0.11551151983440E-01
       3.6100   0.43511718511581E-01  0.15656223520637E-01  0.59167943894863E-01  0.80387061461806E-02  0.35473816096783E-01  0.41759824380279E-02  0.11480309069157E-01
       3.6200   0.43291345238686E-01  0.15566147863865E-01  0.58857493102551E-01  0.79813078045845E-02  0.35310845822096E-01  0.41548218578100E-02  0.11411397717893E-01
       3.6300   0.43071646243334E-01  0.15477606095374E-01  0.58549251407385E-01  0.79248044639826E-02  0.35147644579411E-01  0.41332589462399E-02  0.11344412341714E-01
       3.6400   0.42852826416492E-01  0.15390345826745E-01  0.58243170380592E-01  0.78694410622120E-02  0.34984186291695E-01  0.41110725142062E-02  0.11279344558716E-01
       3.6500   0.42635172605515E-01  0.15304199419916E-01  0.57939372956753E-01  0.78153964132071E-02  0.34820545464754E-01  0.40880967862904E-02  0.11216163635254E-01
       3.6600   0.42418755590916E-01  0.15219005756080E-01  0.57637762278318E-01  0.77627841383219E-02  0.34656748175621E-01  0.40642400272191E-02  0.11154830455780E-01
       3.6700   0.42203746736050E-01  0.15134684741497E-01  0.57338431477547E-01  0.77116750180721E-02  0.34492854028940E-01  0.40394775569439E-02  0.11095270514488E-01
       3.6800   0.41990172117949E-01  0.15051204711199E-01  0.57041376829147E-01  0.76620569452643E-02  0.34328892827034E-01  0.40138498879969E-02  0.11037411168218E-01
       3.6900   0.41778128594160E-01  0.14968575909734E-01  0.56746706366539E-01  0.76138642616570E-02  0.34164991229773E-01  0.39874725043774E-02  0.10981165803969E-01
       3.7000   0.41567496955395E-01  0.14886865392327E-01  0.56454360485077E-01  0.75669679790735E-02  0.34001249819994E-01  0.39605139754713E-02  0.10926414281130E-01
       3.7100   0.41358225047588E-01  0.14806185849011E-01  0.56164409965277E-01  0.75211958028376E-02  0.33837728202343E-01  0.39331959560513E-02  0.10873053222895E-01
       3.7200   0.41150204837322E-01  0.14726649969816E-01  0.55876854807138E-01  0.74763344600797E-02  0.33674564212561E-01  0.39057710673660E-02  0.10820940136909E-01
       3.7300   0.40943332016468E-01  0.14648407697678E-01  0.55591739714146E-01  0.74321473948658E-02  0.33511891961098E-01  0.38785180076957E-02  0.10769945569336E-01
       3.7400   0.40737442672253E-01  0.14571598730981E-01  0.55309042334557E-01  0.73883747681975E-02  0.33349785953760E-01  0.38517247885466E-02  0.10719934478402E-01
       3.7500   0.40532432496548E-01  0.14496371150017E-01  0.55028803646564E-01  0.73447702452540E-02  0.33188365399837E-01  0.38256687112153E-02  0.10670758783817E-01
       3.7600   0.40328152477741E-01  0.14422828331590E-01  0.54750978946686E-01  0.73011042550206E-02  0.33027745783329E-01  0.38005998358130E-02  0.10622288100421E-01
       3.7700   0.40124490857124E-01  0.14351055026054E-01  0.54475545883179E-01  0.72571616619825E-02  0.32868046313524E-01  0.37767409812659E-02  0.10574374347925E-01
       3.7800   0.39921365678310E-01  0.14281090348959E-01  0.54202456027269E-01  0.72127571329474E-02  0.32709330320358E-01  0.37542562931776E-02  0.10526893660426E-01
       3.7900   0.39718799293041E-01  0.14212921261787E-01  0.53931720554829E-01  0.71677705273032E-02  0.32551713287830E-01  0.37332633510232E-02  0.10479712858796E-01
       3.8000   0.39516713470221E-01  0.14146475121379E-01  0.53663186728954E-01  0.71221329271793E-02  0.32395277172327E-01  0.37138066254556E-02  0.10432725772262E-01
       3.8100   0.39315208792686E-01  0.14081627130508E-01  0.53396835923195E-01  0.70758182555437E-02  0.32240081578493E-01  0.36958656273782E-02  0.10385817848146E-01
       3.8200   0.39114404469728E-01  0.14018200337887E-01  0.53132604807615E-01  0.70288749411702E-02  0.32086204737425E-01  0.36793535109609E-02  0.10338899679482E-01
       3.8300   0.38914397358894E-01  0.13955957256258E-01  0.52870355546474E-01  0.69813961163163E-02  0.31933672726154E-01  0.36641214974225E-02  0.10291887447238E-01
       3.8400   0.38715466856956E-01  0.13894611969590E-01  0.52610076963902E-01  0.69335266016424E-02  0.31782612204552E-01  0.36499593406916E-02  0.10244702920318E-01
       3.8500   0.38517817854881E-01  0.13833848759532E-01  0.52351668477058E-01  0.68854615092278E-02  0.31632997095585E-01  0.36366088315845E-02  0.10197291150689E-01
       3.8600   0.38321711122990E-01  0.13773322105408E-01  0.52095033228397E-01  0.68374350667000E-02  0.31484939157963E-01  0.36237789317966E-02  0.10149599984288E-01
       3.8700   0.38127467036247E-01  0.13712679035962E-01  0.51840145140886E-01  0.67896945402026E-02  0.31338408589363E-01  0.36111448425800E-02  0.10101589374244E-01
       3.8800   0.37935331463814E-01  0.13651549816132E-01  0.51586881279945E-01  0.67425128072500E-02  0.31193453818560E-01  0.35983833950013E-02  0.10053222998977E-01
       3.8900   0.37745647132397E-01  0.13589594513178E-01  0.51335241645575E-01  0.66961701959372E-02  0.31050099059939E-01  0.35851602442563E-02  0.10004487819970E-01
       3.9000   0.37558697164059E-01  0.13526477850974E-01  0.51085174083710E-01  0.66509195603430E-02  0.30908387154341E-01  0.35711680538952E-02  0.99553614854813E-02
       3.9100   0.37374682724476E-01  0.13461913913488E-01  0.50836596637964E-01  0.66069997847080E-02  0.30768301337957E-01  0.35561299882829E-02  0.99058430641890E-02
       3.9200   0.37193872034550E-01  0.13395677320659E-01  0.50589550286531E-01  0.65646339207888E-02  0.30629843473434E-01  0.35398039035499E-02  0.98559297621250E-02
       3.9300   0.37016406655312E-01  0.13327568769455E-01  0.50343975424767E-01  0.65239774994552E-02  0.30493013560772E-01  0.35220049321651E-02  0.98056234419346E-02
       3.9400   0.36842372268438E-01  0.13257479295135E-01  0.50099849700928E-01  0.64851748757064E-02  0.30357800424099E-01  0.35026010591537E-02  0.97549334168434E-02
       3.9500   0.36671873182058E-01  0.13185350224376E-01  0.49857221543789E-01  0.64482782036066E-02  0.30224200338125E-01  0.34815301187336E-02  0.97038755193353E-02
       3.9600   0.36504875868559E-01  0.13111202046275E-01  0.49616076052189E-01  0.64133182168007E-02  0.30092174187303E-01  0.34587942063808E-02  0.96524599939585E-02
       3.9700   0.36341309547424E-01  0.13035125099123E-01  0.49376435577869E-01  0.63802353106439E-02  0.29961662366986E-01  0.34344634041190E-02  0.96007119864225E-02
       3.9800   0.36180991679430E-01  0.12957273982465E-01  0.49138266593218E-01  0.63489470630884E-02  0.29832648113370E-01  0.34086781088263E-02  0.95486445352435E-02
       3.9900   0.36023780703545E-01  0.12877866625786E-01  0.48901647329330E-01  0.63192993402481E-02  0.29705055058002E-01  0.33816304057837E-02  0.94962790608406E-02
       4.0000   0.35869367420673E-01  0.12797171249986E-01  0.48666536808014E-01  0.62910905107856E-02  0.29578853398561E-01  0.33535743132234E-02  0.94436388462782E-02
